#    201
polymer number    rg squared    mean rg
  1.0000    23.3006     4.7134
  2.0000   1060.0461    32.5260
  3.0000    16.2676     3.9466
  4.0000    13.3197     3.6049
  5.0000   142.6498    11.8836
  6.0000    25.4089     4.8592
  7.0000   130.2262    11.2000
  8.0000   1156.0923    33.9633
  9.0000   1086.3065    32.9012
 10.0000    14.5924     3.7781
 11.0000   821.8288    28.6175
 12.0000    16.1867     3.9622
 13.0000    77.5780     8.6831
 14.0000    16.2751     4.0055
 15.0000   326.7429    17.9888
 16.0000    10.9542     3.2475
 17.0000    14.7495     3.7836
 18.0000    12.8336     3.5581
 19.0000    17.7525     4.1497
 20.0000   318.2085    17.7127
 21.0000    11.7987     3.3983
 22.0000    19.0642     4.3082
 23.0000    13.8827     3.6843
 24.0000   672.4316    25.8160
 25.0000    14.0348     3.7042
 26.0000   1823.3804    42.5404
 27.0000    21.8081     4.6073
 28.0000    16.5912     4.0370
 29.0000    70.9746     8.4043
 30.0000    14.1550     3.7006
 31.0000   784.5864    27.8429
 32.0000    17.9169     4.1624
 33.0000    16.2571     3.9569
 34.0000   351.4710    18.6887
 35.0000   155.1759    12.2431
 36.0000    15.2027     3.8758
 37.0000   210.7495    14.4285
 38.0000    14.7545     3.7749
 39.0000   278.0184    16.6578
 40.0000    17.1724     4.0377
 41.0000    14.4174     3.7149
 42.0000    14.6777     3.7735
 43.0000    76.0666     8.6893
 44.0000    13.6396     3.6232
 45.0000   1325.0480    36.3765
 46.0000    15.8457     3.9519
 47.0000   186.1345    13.5855
 48.0000   234.6317    15.2451
 49.0000    16.7595     4.0266
 50.0000    17.5862     4.1242
 51.0000   1048.9498    32.3414
 52.0000   391.9746    19.7239
 53.0000    11.4326     3.3426
 54.0000    11.3818     3.3338
 55.0000    94.8192     9.7210
 56.0000    71.6922     8.3734
 57.0000   100.8220    10.0096
 58.0000   2382.2502    48.7868
 59.0000   328.8198    17.9402
 60.0000   174.4477    12.7831
 61.0000   810.0196    28.1547
 62.0000    14.5312     3.7747
 63.0000   125.4897    11.1043
 64.0000   508.4449    22.5323
 65.0000   2596.9555    50.8265
 66.0000   767.0587    27.6074
 67.0000   1348.4456    36.6835
 68.0000    14.3436     3.7037
 69.0000    15.0847     3.8408
 70.0000    14.1883     3.7344
 71.0000   252.1103    15.8356
 72.0000    19.3107     4.2517
 73.0000   225.0635    14.8729
 74.0000    13.6172     3.6451
 75.0000   760.7273    27.4256
 76.0000   562.9518    23.6190
 77.0000   206.0859    14.0754
 78.0000    16.8442     4.0669
 79.0000   804.3252    28.3356
 80.0000    16.3664     4.0216
 81.0000    13.2031     3.6104
 82.0000   162.1930    12.7191
 83.0000    17.7375     4.1448
 84.0000    16.4903     4.0075
 85.0000    12.0458     3.4466
 86.0000    13.9279     3.6814
 87.0000   130.8742    11.4199
 88.0000    17.1334     4.0394
 89.0000   1549.4511    39.2996
 90.0000    15.4309     3.7718
 91.0000    17.9262     4.1173
 92.0000    16.8319     4.0711
 93.0000   160.3007    12.0765
 94.0000   118.2988    10.7088
 95.0000   872.8674    29.4251
 96.0000    11.9780     3.4122
 97.0000    16.0128     3.9214
 98.0000    18.3662     4.1804
 99.0000   2707.0171    52.0011
100.0000   2933.7655    54.1383
101.0000   1292.7837    35.8976
102.0000   1331.4062    36.3994
103.0000   265.0073    16.2232
104.0000   1516.7234    38.8922
105.0000   2021.5103    44.9288
106.0000   169.8087    12.9979
107.0000   778.3195    27.8406
108.0000   1459.9681    38.0604
109.0000    31.5702     5.5678
110.0000    21.5719     4.6055
111.0000   205.7105    14.1664
112.0000    12.6180     3.5013
113.0000   1187.4706    34.4308
114.0000    10.9317     3.2500
115.0000   183.0082    13.4653
116.0000    17.0205     4.0556
117.0000   696.0298    26.2411
118.0000    17.7217     4.1204
119.0000   230.7772    15.1281
120.0000   510.3013    22.4897
121.0000    13.8570     3.6363
122.0000    12.6062     3.4913
123.0000    12.5499     3.5012
124.0000   666.0827    25.7976
125.0000    12.1092     3.4554
126.0000    21.8054     4.5244
127.0000   1240.9486    35.1249
128.0000    41.0051     6.2672
129.0000    15.7204     3.8849
130.0000    16.1497     3.9396
131.0000   566.3049    23.7034
132.0000    12.5917     3.4846
133.0000   1075.9005    32.6908
134.0000   1774.5330    42.0751
135.0000    14.2578     3.7103
136.0000   726.7628    26.9327
137.0000    12.9740     3.5492
138.0000   521.4131    22.7308
139.0000   126.4224    11.1730
140.0000    18.0633     4.1941
141.0000   775.5698    27.7663
142.0000    93.4114     9.6393
143.0000    13.7167     3.6591
144.0000    14.7028     3.7875
145.0000    12.9220     3.5630
146.0000   269.5568    16.3053
147.0000    63.5128     7.9442
148.0000    12.6432     3.5107
149.0000   353.5544    18.7343
150.0000    12.2732     3.4595
151.0000   412.8563    20.1921
152.0000     9.1848     3.0127
153.0000    20.1341     4.4273
154.0000   569.9466    23.7548
155.0000   1544.4286    39.2496
156.0000   3355.2817    57.9136
157.0000   1621.4862    40.2541
158.0000   686.5269    26.1000
159.0000    14.0536     3.7281
160.0000   659.8829    25.6250
161.0000   637.2161    25.2010
162.0000   681.8941    26.0675
163.0000    19.2411     4.3212
164.0000   615.3353    24.7844
165.0000    22.5503     4.6481
166.0000    22.9532     4.7287
167.0000    22.2383     4.6037
168.0000   2340.9488    48.3501
169.0000   806.8356    28.3901
170.0000    13.3798     3.6202
171.0000   265.9565    16.0783
172.0000    16.3531     3.9397
173.0000    29.2533     5.3769
174.0000   238.1046    15.3294
175.0000   731.7438    27.0052
176.0000    13.1539     3.5843
177.0000    14.4846     3.7701
178.0000   159.8429    12.6131
179.0000    15.2810     3.8669
180.0000    12.5663     3.5066
181.0000    19.3060     4.3248
182.0000    42.7471     6.4938
183.0000   1424.3977    37.5598
184.0000    13.0659     3.5822
185.0000   1305.9077    36.0961
186.0000   1259.2913    35.3819
187.0000    13.0571     3.5683
188.0000   105.6799    10.0324
189.0000    18.1300     4.2105
190.0000    14.7978     3.7933
191.0000   109.7461    10.3550
192.0000    18.4265     4.1696
193.0000    18.5593     4.2465
194.0000    16.7720     4.0114
195.0000   105.0918    10.0647
196.0000    28.2029     5.2710
197.0000   758.7005    27.3893
198.0000    27.0820     5.1250
199.0000   1284.0444    35.7870
200.0000    12.6032     3.5166
201.0000   789.3574    27.8223
202.0000   389.6941    19.6481
203.0000   655.2983    25.4032
204.0000    18.2092     4.1399
205.0000   114.4314    10.5256
206.0000   810.7230    28.4479
207.0000    17.4512     4.0706
208.0000   208.7957    14.4089
209.0000   905.4962    30.0156
210.0000   909.5045    30.0311
211.0000    18.9916     4.2670
212.0000   416.1999    20.3794
213.0000    85.9347     9.2565
214.0000   236.3162    15.3203
215.0000    17.2555     4.0891
216.0000   655.6181    25.5427
217.0000    12.4547     3.4962
218.0000    16.9520     4.0017
219.0000   1039.4290    31.9753
220.0000    18.5934     4.2961
221.0000   1848.5661    42.8881
222.0000   535.1071    22.9080
223.0000   183.3244    13.4609
224.0000   617.8461    24.7664
225.0000    17.9673     4.1598
226.0000   128.5533    11.3243
227.0000    10.5502     3.2114
228.0000    14.7016     3.8026
229.0000    15.3103     3.7543
230.0000   269.6641    16.3920
231.0000    10.2719     3.1742
232.0000    10.7778     3.2155
233.0000    19.0552     4.2852
234.0000    14.4671     3.7605
235.0000   808.7318    28.3688
236.0000   768.5886    27.6921
237.0000    14.4286     3.7454
238.0000   1119.2741    33.3801
239.0000   242.8286    15.4500
240.0000    13.3844     3.5931
241.0000    14.3173     3.7349
242.0000   436.4884    20.8297
243.0000   710.1550    26.5701
244.0000   264.8222    16.2279
245.0000   1629.0707    40.2535
246.0000   3866.8842    62.1362
247.0000    15.2287     3.8667
248.0000   876.5471    29.4974
249.0000   790.2169    28.0308
250.0000    13.7395     3.6394
251.0000   104.1916    10.1686
252.0000   587.4033    24.1704
253.0000   295.8433    17.0180
254.0000   1622.6518    40.1966
255.0000    16.0519     3.9094
256.0000   1384.4582    37.1618
257.0000   474.5875    21.6702
258.0000    17.4848     4.0490
259.0000   186.7182    13.6389
260.0000    15.3915     3.8324
261.0000   197.5395    13.9429
262.0000   158.7377    12.5542
263.0000   138.9439    11.7734
264.0000    96.6242     9.7574
265.0000    11.9752     3.4312
266.0000   557.2223    23.3279
267.0000   430.6828    20.6365
268.0000   264.7347    16.0358
269.0000    12.8652     3.5232
270.0000    12.1869     3.4634
271.0000    13.9092     3.6377
272.0000    15.0195     3.7952
273.0000   586.4465    23.9800
274.0000   1158.7967    33.8276
275.0000    21.4328     4.5597
276.0000    70.8469     8.1637
277.0000   524.0216    22.8734
278.0000    13.5312     3.6191
279.0000    24.1292     4.8375
280.0000   346.6450    18.5559
281.0000    20.9826     4.4210
282.0000    14.3771     3.7521
283.0000   464.7617    21.4352
284.0000   1401.2906    37.4086
285.0000    15.6036     3.8940
286.0000    11.9420     3.4050
287.0000    11.6059     3.3479
288.0000   891.5015    29.7845
289.0000    15.3795     3.8764
290.0000   1922.8864    43.8051
291.0000    16.2707     3.9642
292.0000    18.6206     4.2550
293.0000   2235.5284    47.2264
294.0000   1066.5443    32.5577
295.0000    16.0746     3.9135
296.0000   241.3587    15.3851
297.0000    13.7472     3.6694
298.0000    94.6660     9.6341
299.0000   339.5468    18.3081
300.0000    16.6634     4.0179
301.0000   298.7840    17.2422
302.0000    12.2409     3.4449
303.0000    12.8193     3.5279
304.0000   678.1442    25.9941
305.0000    12.4236     3.5030
306.0000    81.6647     8.9379
307.0000    13.2652     3.5936
308.0000    14.9353     3.7592
309.0000   1423.1760    37.7086
310.0000   1441.6569    37.7751
311.0000    53.8228     7.0529
312.0000    15.8454     3.9573
313.0000   525.6094    22.8694
314.0000   1441.3139    37.9223
315.0000    28.8319     5.3373
316.0000   1012.0132    31.7176
317.0000   122.2694    10.9124
318.0000    16.9129     4.0293
319.0000   316.6249    17.6998
320.0000   436.4519    20.8499
321.0000    54.0294     7.3082
322.0000   1190.4923    34.4395
323.0000    18.1008     4.1936
324.0000   1161.1151    34.0559
325.0000    18.6507     4.2021
326.0000    12.4625     3.4867
327.0000   978.3807    31.0817
328.0000   1270.7298    35.5542
329.0000    12.7744     3.5250
330.0000     9.3113     3.0230
331.0000   1019.4521    31.8705
332.0000   1273.0436    35.5939
333.0000   473.5626    21.7499
334.0000    13.6042     3.6128
335.0000    19.0770     4.3111
336.0000    14.5037     3.7276
337.0000    16.6860     3.9590
338.0000   1699.3183    41.1335
339.0000   925.0165    30.3433
340.0000    14.3587     3.7174
341.0000    12.8547     3.5457
342.0000    50.0188     6.9096
343.0000   232.4717    15.1423
344.0000    21.6891     4.5724
345.0000   1239.4952    35.1484
346.0000   1170.3177    34.1669
347.0000   1695.7681    41.0449
348.0000    22.0441     4.6364
349.0000   1692.6723    41.0775
350.0000    19.9331     4.3812
351.0000   248.2531    15.6803
352.0000    12.6197     3.5256
353.0000    14.1588     3.7068
354.0000   1097.0129    32.9806
355.0000   1278.6152    35.7151
356.0000   514.8989    22.6697
357.0000    12.3965     3.4514
358.0000    15.5809     3.9041
359.0000    25.3201     4.9441
360.0000    18.1879     4.1809
361.0000    25.7050     5.0028
362.0000   2046.5738    45.1159
363.0000    17.8059     4.1556
364.0000   2145.9569    46.3035
365.0000    14.2208     3.7138
366.0000    15.8325     3.9117
367.0000   1128.1010    33.5596
368.0000    16.0478     3.9482
369.0000   1828.6787    42.7450
370.0000   3554.9074    59.4920
371.0000   1443.2032    37.9405
372.0000   2466.9572    49.6173
373.0000   5089.1424    71.3235
374.0000    16.7780     4.0018
375.0000    16.3621     3.9936
376.0000   265.0229    16.2316
377.0000    17.7774     4.0867
378.0000   244.0796    15.5793
379.0000    16.7722     4.0205
380.0000   2671.7344    51.6342
381.0000   3021.8089    54.9366
382.0000    14.7156     3.8015
383.0000   392.9514    19.6171
384.0000    10.9218     3.2375
385.0000    18.9867     4.2583
386.0000   271.0289    16.3319
387.0000   340.6934    18.4342
388.0000    16.2488     3.9711
389.0000   1707.3346    41.2641
390.0000    13.0855     3.5869
391.0000   1566.0110    39.5379
392.0000    15.2093     3.7422
393.0000   108.2249    10.3413
394.0000   397.4163    19.8689
395.0000   655.3379    25.5793
396.0000   3156.9869    56.1587
397.0000   1747.7676    41.7603
398.0000    17.9926     4.1669
399.0000    17.7199     4.1497
400.0000   328.3617    18.0917
401.0000    19.3976     4.3239
402.0000   154.1797    12.2341
403.0000   313.4293    17.6267
404.0000    15.3710     3.8386
405.0000    15.2235     3.8449
406.0000   606.2525    24.4772
407.0000    17.1926     4.0233
408.0000    15.5673     3.8522
409.0000   566.7987    23.7385
410.0000    19.4888     4.3791
411.0000    38.5231     6.1333
412.0000    23.2892     4.6854
413.0000   1191.1956    34.4773
414.0000    18.8875     4.3104
415.0000   2276.0407    47.6856
416.0000    19.3993     4.3245
417.0000   826.5477    28.7052
418.0000    13.9945     3.6890
419.0000   389.2110    19.6987
420.0000    20.1172     4.3882
421.0000   723.1970    26.8204
422.0000    50.3774     7.0808
423.0000   411.2057    20.1878
424.0000    16.0889     3.9864
425.0000    11.0241     3.2809
426.0000    17.4830     4.1523
427.0000   475.5656    21.7711
428.0000    18.6855     4.2009
429.0000   762.2123    27.5470
430.0000   911.8199    30.1211
431.0000    16.1097     3.8982
432.0000    22.1714     4.6006
433.0000    17.3063     4.0878
434.0000   161.5656    12.5798
435.0000   677.7964    26.0127
436.0000    18.3991     4.2373
437.0000   211.5962    14.4278
438.0000    10.6360     3.2419
439.0000   306.7542    17.4137
440.0000   121.7262    10.8682
441.0000    13.2872     3.5952
442.0000   596.7746    24.2248
443.0000   3145.2434    56.0582
444.0000   572.0377    23.8941
445.0000   253.1115    15.7797
446.0000   207.5202    14.1475
447.0000    18.3347     4.1296
448.0000   947.0091    30.6718
449.0000    13.4563     3.5977
450.0000   115.3373    10.7065
451.0000    19.7579     4.3755
452.0000    24.1417     4.8568
453.0000   481.1997    21.9078
454.0000   853.1538    29.1729
455.0000   212.1860    14.3337
456.0000   593.1525    24.3191
457.0000   1961.9652    44.2423
458.0000   205.6454    14.2458
459.0000   669.4839    25.7945
460.0000    13.9391     3.6336
461.0000   419.2682    20.4427
462.0000   2036.7739    45.1205
463.0000   487.1551    22.0095
464.0000    12.5975     3.4979
465.0000    16.7447     3.9800
466.0000   352.2467    18.7211
467.0000    58.8381     7.4752
468.0000   286.7915    16.8972
469.0000    13.8587     3.6427
470.0000   189.6412    13.6727
471.0000    25.5576     4.9473
472.0000    16.5124     4.0186
473.0000   229.1606    15.0813
474.0000   2695.0756    51.8749
475.0000   405.1147    20.0014
476.0000    18.5546     4.2463
477.0000    15.7800     3.8956
478.0000    17.0567     4.0515
479.0000   738.8621    27.1555
480.0000   177.1575    12.8586
481.0000    19.5136     4.3704
482.0000   626.1583    24.9449
483.0000    17.6325     4.0964
484.0000    19.2059     4.3166
485.0000    17.5225     4.1006
486.0000   590.1550    24.2333
487.0000    16.8971     4.0367
488.0000   656.2988    25.5194
489.0000    18.8956     4.2710
490.0000   144.6152    12.0074
491.0000   1122.9121    33.4816
492.0000   1228.4214    34.9853
493.0000   1423.4113    37.6561
494.0000    12.4919     3.5014
495.0000    78.8612     8.8367
496.0000   194.6914    13.8502
497.0000   366.6173    18.9741
498.0000    16.9639     4.0938
499.0000   429.6778    20.6056
500.0000    11.9165     3.4102
501.0000    12.0411     3.4232
502.0000    13.5114     3.6504
503.0000    12.5533     3.5082
504.0000   337.8513    18.3464
505.0000    19.9619     4.4056
506.0000   113.1220    10.5868
507.0000   168.2751    12.9427
508.0000    15.4116     3.8895
509.0000   156.6105    12.4511
510.0000    15.1165     3.8454
511.0000   1554.4958    39.3480
512.0000    18.0683     4.1202
513.0000    13.0360     3.5490
514.0000   779.0670    27.8506
515.0000    14.6719     3.7576
516.0000   1194.1427    34.4909
517.0000    59.9537     7.7086
518.0000    10.3720     3.1856
519.0000    16.2670     3.9293
520.0000   654.0997    25.4843
521.0000   885.8562    29.6951
522.0000    18.8421     4.2404
523.0000   959.1015    30.9349
524.0000   1312.6261    36.1941
525.0000    14.4034     3.7546
526.0000   445.7507    21.0789
527.0000   221.2311    14.5735
528.0000   1065.3976    32.5350
529.0000   284.1830    16.6122
530.0000   182.1238    13.3502
531.0000    13.1056     3.5722
532.0000    94.1825     9.6007
533.0000   104.6298    10.1086
534.0000    21.9741     4.5488
535.0000   135.2231    11.4784
536.0000   1633.5293    40.3460
537.0000    16.1196     3.9165
538.0000   365.3068    19.0647
539.0000   1189.4567    34.4114
540.0000    12.2870     3.4703
541.0000   196.2906    13.8426
542.0000   181.5257    13.3915
543.0000    13.7607     3.6055
544.0000   622.0460    24.8103
545.0000    43.7155     6.5747
546.0000   270.1877    16.4225
547.0000    15.9958     3.9422
548.0000   1453.3524    37.9417
549.0000   938.4740    30.5922
550.0000   1396.7124    37.2698
551.0000    14.6547     3.7976
552.0000    11.3580     3.3296
553.0000    19.1549     4.3287
554.0000    19.3014     4.2476
555.0000   194.4207    13.7141
556.0000   1349.9841    36.5980
557.0000    23.9909     4.8413
558.0000    75.8422     8.6246
559.0000    13.0426     3.5669
560.0000    11.7173     3.3829
561.0000    17.5552     4.1166
562.0000    91.4486     9.5499
563.0000   1459.7467    38.1520
564.0000    18.4688     4.2319
565.0000    97.4107     9.7921
566.0000   1200.3347    34.4667
567.0000   416.1898    20.2214
568.0000    17.0000     4.0404
569.0000   478.7034    21.7541
570.0000    19.0516     4.2847
571.0000   111.3920    10.3790
572.0000    22.3687     4.6391
573.0000   1696.6795    41.1077
574.0000   305.4670    17.2343
575.0000    53.5221     7.2430
576.0000    16.5588     4.0023
577.0000   233.8763    15.1488
578.0000    13.0990     3.5882
579.0000   376.4266    19.3614
580.0000   335.0846    18.2323
581.0000    14.6722     3.7584
582.0000   137.9546    11.7031
583.0000    14.1726     3.6997
584.0000    15.3966     3.8390
585.0000   311.2756    17.4977
586.0000   910.0485    30.1092
587.0000    17.8613     4.1033
588.0000    16.2702     3.9804
589.0000   725.1376    26.8780
590.0000   1502.3643    38.6466
591.0000   1096.0449    33.0914
592.0000    14.4144     3.7065
593.0000    15.6073     3.9031
594.0000   1380.5644    37.1279
595.0000   690.6031    26.2627
596.0000    16.3527     4.0011
597.0000    14.6598     3.7957
598.0000   138.7805    11.6279
599.0000    15.2755     3.8041
600.0000    21.1793     4.5118
601.0000   126.3641    11.1947
602.0000   1020.1344    31.8109
603.0000    16.6086     3.9977
604.0000   3065.5471    55.3236
605.0000   439.1679    20.8664
606.0000   1312.7156    36.1611
607.0000    55.1749     7.3575
608.0000    14.4776     3.6896
609.0000   4433.0044    66.5245
610.0000   222.1142    14.8595
611.0000    12.1524     3.3932
612.0000   726.1049    26.7894
613.0000    16.9498     4.0029
614.0000   981.5252    31.2329
615.0000    13.4248     3.6368
616.0000    10.8560     3.2617
617.0000   150.9073    12.1686
618.0000    17.3441     4.1376
619.0000   457.4680    21.3658
620.0000    15.1573     3.7964
621.0000    13.1583     3.5779
622.0000    15.2863     3.8622
623.0000   951.2752    30.7195
624.0000   582.2870    24.0344
625.0000    18.6368     4.1685
626.0000   125.9502    10.6733
627.0000   408.2844    20.1652
628.0000   1009.6950    31.6809
629.0000    12.6080     3.4825
630.0000   516.3156    22.5889
631.0000    19.2326     4.2943
632.0000   614.3428    24.7423
633.0000   254.7753    15.8936
634.0000    12.8344     3.5113
635.0000   844.5471    28.9201
636.0000   328.0226    18.0656
637.0000    13.3739     3.5844
638.0000   278.8765    16.5803
639.0000    25.0984     4.9489
640.0000   115.8225    10.6990
641.0000    11.5851     3.3674
642.0000   550.2569    23.3567
643.0000    23.6419     4.8006
644.0000    20.1472     4.4376
645.0000   403.1494    20.0063
646.0000   435.1062    20.8409
647.0000    12.0904     3.4000
648.0000    12.7046     3.4590
649.0000    15.5630     3.8572
650.0000   192.6505    13.8601
651.0000    18.0595     4.2022
652.0000   390.3582    19.6342
653.0000    15.5176     3.8288
654.0000   609.4214    24.5363
655.0000    13.0481     3.5480
656.0000   451.8368    21.2039
657.0000   1420.6780    37.5992
658.0000    15.6563     3.9075
659.0000   459.9194    21.4052
660.0000    15.2098     3.8081
661.0000    17.1576     4.0347
662.0000    19.5320     4.3519
663.0000   2289.0193    47.7790
664.0000   2481.7711    49.7765
665.0000    14.9413     3.8301
666.0000    32.7030     5.6755
667.0000    12.6423     3.4978
668.0000    11.2157     3.3204
669.0000   714.3822    26.6858
670.0000    49.3987     6.7320
671.0000    17.2711     4.1217
672.0000   1198.4083    34.5322
673.0000   730.2628    26.9024
674.0000    16.5393     3.9953
675.0000   328.3378    18.0781
676.0000    17.5797     4.1343
677.0000    21.0277     4.5251
678.0000   106.9655    10.1047
679.0000    13.4278     3.6203
680.0000   517.4987    22.6238
681.0000    13.5574     3.6579
682.0000   2620.0061    51.1238
683.0000   848.0670    29.0973
684.0000   280.9731    16.6867
685.0000    13.6122     3.6191
686.0000   632.4519    25.0883
687.0000    17.2185     4.1095
688.0000    15.4996     3.8880
689.0000    14.3870     3.7476
690.0000   938.5714    30.5648
691.0000   161.1569    12.5880
692.0000    20.0791     4.4195
693.0000    15.3856     3.8445
694.0000    12.5009     3.4473
695.0000   542.5685    23.2018
696.0000   563.9902    23.6662
697.0000   650.8989    25.3966
698.0000    13.1902     3.5738
699.0000    25.2666     4.9623
700.0000   117.2839    10.6144
701.0000    19.0101     4.2660
702.0000    18.9575     4.3037
703.0000   773.9046    27.7998
704.0000    11.2685     3.3277
705.0000    16.2625     3.9863
706.0000    15.4678     3.8209
707.0000   1426.1994    37.6348
708.0000    21.4063     4.5356
709.0000    17.9333     4.1722
710.0000   678.9836    25.9863
711.0000    14.1248     3.6830
712.0000   311.6384    17.5129
713.0000   444.0075    20.8165
714.0000   1263.0451    35.4275
715.0000   131.9037    11.4320
716.0000    23.7709     4.7937
717.0000    20.5232     4.5012
718.0000   570.1238    23.8110
719.0000   920.9201    30.2923
720.0000   1149.8753    33.8758
721.0000   252.1916    15.7600
722.0000    11.7733     3.3928
723.0000   813.5976    28.5076
724.0000    16.3324     3.9556
725.0000   2482.2880    49.7972
726.0000    29.4120     5.2774
727.0000   1084.2398    32.8989
728.0000   790.8590    28.0655
729.0000    13.7150     3.5984
730.0000    11.5011     3.3577
731.0000    12.2248     3.4369
732.0000    17.5786     4.0661
733.0000    23.3031     4.7227
734.0000    19.5344     4.3655
735.0000   223.7489    14.6987
736.0000   366.9316    19.1179
737.0000    15.5690     3.8984
738.0000   893.2776    29.7746
739.0000    24.6971     4.8953
740.0000    12.7298     3.5013
741.0000   392.5910    19.7625
742.0000    12.3214     3.4213
743.0000    16.6623     4.0425
744.0000   605.8594    24.5777
745.0000   868.6075    29.4389
746.0000    13.0847     3.4921
747.0000   243.5414    15.5649
748.0000   1045.1938    32.1461
749.0000   641.0704    25.2273
750.0000   342.7441    18.4967
751.0000    87.1159     9.2941
752.0000    15.4766     3.8871
753.0000    14.7758     3.8008
754.0000   714.0563    26.6932
755.0000    13.2615     3.6029
756.0000    12.7761     3.5222
757.0000    19.7022     4.3686
758.0000   275.2908    16.4921
759.0000    12.7719     3.5423
760.0000    15.7337     3.8801
761.0000    10.7778     3.2382
762.0000   874.3876    29.4283
763.0000    18.6644     4.1928
764.0000    12.4933     3.4664
765.0000   1227.8828    35.0026
766.0000   702.7053    26.4035
767.0000   138.3940    11.3015
768.0000    14.7951     3.7382
769.0000   211.8809    14.4451
770.0000    19.5710     4.3794
771.0000    14.1922     3.6307
772.0000   639.1097    25.2229
773.0000   1544.0701    39.1814
774.0000    18.4350     4.2181
775.0000    22.9966     4.7235
776.0000    16.4688     3.9910
777.0000    73.0426     8.4846
778.0000   348.1208    18.5563
779.0000    24.5098     4.8356
780.0000   356.1097    18.8105
781.0000    15.5488     3.8780
782.0000   665.4196    25.7438
783.0000   702.6723    26.2976
784.0000   1153.5414    33.9399
785.0000   270.7955    16.3222
786.0000   1127.4199    33.5333
787.0000    14.1612     3.7201
788.0000   517.5336    22.5985
789.0000    14.9520     3.8292
790.0000   678.6280    26.0156
791.0000    12.9323     3.5531
792.0000   308.6419    17.5115
793.0000    55.0950     7.2770
794.0000    19.0092     4.2833
795.0000    14.1669     3.7010
796.0000    10.9490     3.2878
797.0000    12.1049     3.3883
798.0000   335.5404    18.2063
799.0000    16.4569     3.9794
800.0000    21.4229     4.5850
801.0000   115.0918    10.6789
802.0000    14.3146     3.7364
803.0000    11.6347     3.3449
804.0000    44.2867     6.6101
805.0000    14.4405     3.7074
806.0000    50.5723     7.0743
807.0000    12.1204     3.4140
808.0000    13.3724     3.6213
809.0000   694.0224    26.2609
810.0000    13.4810     3.6112
811.0000    20.5840     4.4531
812.0000    83.0027     8.8756
813.0000   599.6012    24.4124
814.0000   1180.2486    34.2202
815.0000    18.5707     4.2625
816.0000   358.8895    18.8551
817.0000    19.3797     4.2699
818.0000   194.4080    13.8509
819.0000    10.8548     3.2284
820.0000    14.3723     3.7058
821.0000    19.8880     4.3465
822.0000   144.8467    11.9958
823.0000   147.3472    12.0849
824.0000    17.5985     4.1564
825.0000   833.1391    28.4600
826.0000   1019.2690    31.6391
827.0000    18.6706     4.2072
828.0000   240.4570    15.4918
829.0000    12.6120     3.4972
830.0000    13.1831     3.5528
831.0000   839.1166    28.9070
832.0000   1440.7563    37.9268
833.0000   335.3991    18.2404
834.0000    23.1480     4.7170
835.0000    14.1627     3.6886
836.0000    17.7001     4.1254
837.0000   306.9725    17.4444
838.0000    65.5816     7.9159
839.0000    16.1401     3.9599
840.0000    13.7165     3.6533
841.0000    63.6283     7.8689
842.0000   438.2655    20.8822
843.0000    12.0043     3.3805
844.0000   1194.7088    34.5467
845.0000   335.7308    18.0734
846.0000   1901.2930    43.3759
847.0000   500.1123    22.3524
848.0000    16.1061     3.9448
849.0000    13.4825     3.6200
850.0000   856.0386    29.1857
851.0000   357.0791    18.8771
852.0000    16.2220     3.9734
853.0000    17.6774     4.1396
854.0000   430.9062    20.6370
855.0000    10.5941     3.2188
856.0000    12.5116     3.4963
857.0000   553.5967    23.4892
858.0000   264.4336    16.1549
859.0000    15.4551     3.8641
860.0000    12.5531     3.4725
861.0000   117.1248    10.6771
862.0000    12.2921     3.4685
863.0000   306.8696    17.3258
864.0000    21.4867     4.4925
865.0000    13.5515     3.6377
866.0000   1001.9038    31.4923
867.0000    14.0581     3.6944
868.0000    16.3971     4.0175
869.0000    18.5385     4.2696
870.0000   150.7391    12.2435
871.0000    13.5401     3.6157
872.0000    51.6811     7.1166
873.0000    21.8998     4.5310
874.0000   602.2710    24.5054
875.0000   113.7568    10.6391
876.0000   1263.8608    35.4966
877.0000    12.7533     3.5334
878.0000   134.1774    11.4032
879.0000    16.8266     4.0465
880.0000   351.5981    18.6454
881.0000    99.2405     9.7958
882.0000   639.0168    25.2475
883.0000   571.5496    23.8557
884.0000   719.6192    26.7402
885.0000    14.3521     3.7251
886.0000   806.0029    28.3504
887.0000    13.0165     3.5726
888.0000   1802.8276    42.3442
889.0000    12.3041     3.4173
890.0000   346.7911    18.5941
891.0000    14.8597     3.7500
892.0000   518.4615    22.6531
893.0000    20.0003     4.2958
894.0000    16.5065     3.9989
895.0000   709.9684    26.5709
896.0000   1054.7180    32.3363
897.0000    13.9656     3.6630
898.0000    17.0602     4.0772
899.0000   798.0687    28.2407
900.0000   667.7898    25.7593
901.0000   228.2207    14.9179
902.0000   101.6494    10.0364
903.0000   135.0275    11.5162
904.0000   292.1179    16.7939
905.0000   578.4202    23.7953
906.0000    10.0660     3.1478
907.0000    18.8433     4.2737
908.0000    13.5174     3.6119
909.0000    16.7375     4.0263
910.0000   482.6175    21.9083
911.0000    21.9747     4.6198
912.0000   243.4672    15.4360
913.0000   121.0142    10.7918
914.0000    16.1717     3.9376
915.0000   920.1550    30.3154
916.0000    12.3024     3.4578
917.0000    14.2343     3.7360
918.0000   906.1542    30.0489
919.0000    17.6681     4.0379
920.0000    22.7873     4.6873
921.0000    15.1423     3.8148
922.0000    13.4554     3.6165
923.0000   555.6667    23.5147
924.0000    16.9831     4.0651
925.0000    24.1273     4.7701
926.0000   473.6470    21.5866
927.0000   817.2667    28.4463
928.0000    21.2825     4.5504
929.0000   1028.3186    31.9683
930.0000   1000.8763    31.6127
931.0000   384.3129    19.4292
932.0000    17.4505     4.1238
933.0000    19.9318     4.3821
934.0000    20.7509     4.4722
935.0000    15.0126     3.7839
936.0000   247.2464    15.6946
937.0000   1072.1645    32.6953
938.0000    16.9539     4.0434
939.0000    15.2378     3.8656
940.0000   318.9861    17.7084
941.0000    13.6146     3.6390
942.0000   123.3177    11.0495
943.0000    22.7685     4.6930
944.0000   459.4796    21.4242
945.0000   1766.7963    41.9602
946.0000    14.4524     3.7587
947.0000   2913.9298    53.9611
948.0000   1684.4593    41.0198
949.0000    16.9601     3.9323
950.0000    12.4290     3.4873
951.0000    94.3110     9.6475
952.0000    16.2750     3.9507
953.0000    12.5710     3.4682
954.0000   541.9524    23.1816
955.0000   426.2122    20.5387
956.0000   711.0387    26.3396
957.0000   1197.3567    34.3983
958.0000    17.5869     4.1184
959.0000    27.2472     5.1062
960.0000   1578.5881    39.6731
961.0000   524.5831    22.8830
962.0000   1060.5559    32.4864
963.0000    16.0305     3.9591
964.0000    19.8368     4.3225
965.0000   164.6745    12.7476
966.0000    17.3623     4.1400
967.0000    14.5051     3.7498
968.0000    19.1327     4.2494
969.0000   371.2419    19.2006
970.0000    13.5897     3.6482
971.0000    16.3361     3.9476
972.0000   544.4035    23.2719
973.0000    13.4497     3.6262
974.0000   220.3555    14.5335
975.0000    16.2126     3.9565
976.0000   351.6669    18.6704
977.0000    15.4434     3.8651
978.0000    13.4364     3.6215
979.0000   146.5836    12.0282
980.0000   226.4376    14.9920
981.0000   105.4943    10.0490
982.0000    13.3677     3.5627
983.0000    11.3032     3.3240
984.0000   1045.5125    32.2820
985.0000    19.6084     4.2865
986.0000    12.9410     3.5298
987.0000   1012.2054    31.7216
988.0000    22.7294     4.7195
989.0000    16.6697     3.9687
990.0000   1740.9264    41.6875
991.0000    17.6315     4.1128
992.0000    10.0283     3.1388
993.0000   278.8911    16.6066
994.0000   978.4982    31.1357
995.0000   704.9837    26.4789
996.0000    19.6532     4.3588
997.0000    14.3947     3.7042
998.0000   159.2569    12.5409
999.0000    16.7654     4.0438
1000.0000   1511.1447    38.8156
Total Average390.5258  14.6397   0.0000   0.0000
